<?xml version="1.0" encoding="UTF-8"?>
<svg xmlns="http://www.w3.org/2000/svg" xmlns:xlink="http://www.w3.org/1999/xlink" width="20pt" height="20pt" viewBox="0 0 20 20" version="1.1">
<g id="surface1">
<path style=" stroke:none;fill-rule:nonzero;fill:rgb(86.27451%,30.588235%,25.490196%);fill-opacity:1;" d="M 20 10 C 20 15.523438 15.523438 20 10 20 C 4.476562 20 0 15.523438 0 10 C 0 4.476562 4.476562 0 10 0 C 15.523438 0 20 4.476562 20 10 Z M 20 10 "/>
<path style=" stroke:none;fill-rule:nonzero;fill:rgb(86.27451%,30.588235%,25.490196%);fill-opacity:1;" d="M 3.480469 10.449219 C 3.445312 12.167969 4.632812 13.808594 6.261719 14.34375 C 7.796875 14.859375 9.683594 14.476562 10.707031 13.160156 C 11.453125 12.238281 11.621094 11.011719 11.542969 9.863281 C 10.226562 9.851562 8.910156 9.855469 7.597656 9.855469 C 7.597656 10.324219 7.597656 10.792969 7.601562 11.261719 C 8.386719 11.28125 9.175781 11.273438 9.960938 11.289062 C 9.765625 11.96875 9.3125 12.601562 8.625 12.847656 C 7.296875 13.433594 5.605469 12.671875 5.1875 11.277344 C 4.683594 9.945312 5.507812 8.335938 6.871094 7.949219 C 7.714844 7.652344 8.585938 7.988281 9.308594 8.425781 C 9.671875 8.082031 10.015625 7.71875 10.351562 7.347656 C 9.53125 6.660156 8.476562 6.238281 7.390625 6.332031 C 5.261719 6.355469 3.402344 8.320312 3.480469 10.449219 Z M 3.480469 10.449219 "/>
<path style=" stroke:none;fill-rule:nonzero;fill:rgb(86.27451%,30.588235%,25.490196%);fill-opacity:1;" d="M 14.101562 8.675781 C 14.097656 9.066406 14.09375 9.460938 14.089844 9.851562 C 13.695312 9.855469 13.304688 9.859375 12.914062 9.859375 C 12.914062 10.253906 12.914062 10.640625 12.914062 11.035156 C 13.304688 11.035156 13.699219 11.039062 14.089844 11.042969 C 14.09375 11.433594 14.09375 11.824219 14.097656 12.21875 C 14.488281 12.21875 14.878906 12.21875 15.273438 12.21875 C 15.273438 11.824219 15.277344 11.433594 15.28125 11.039062 C 15.671875 11.039062 16.066406 11.035156 16.457031 11.035156 C 16.457031 10.640625 16.457031 10.253906 16.457031 9.859375 C 16.066406 9.859375 15.671875 9.855469 15.28125 9.851562 C 15.277344 9.460938 15.273438 9.066406 15.273438 8.675781 C 14.878906 8.675781 14.492188 8.675781 14.101562 8.675781 Z M 14.101562 8.675781 "/>
<path style=" stroke:none;fill-rule:nonzero;fill:rgb(100%,100%,100%);fill-opacity:1;" d="M 3.480469 10.449219 C 3.402344 8.320312 5.261719 6.355469 7.390625 6.332031 C 8.476562 6.238281 9.53125 6.660156 10.351562 7.347656 C 10.015625 7.71875 9.671875 8.082031 9.308594 8.425781 C 8.585938 7.988281 7.714844 7.652344 6.871094 7.949219 C 5.507812 8.335938 4.683594 9.945312 5.1875 11.277344 C 5.605469 12.671875 7.296875 13.433594 8.625 12.847656 C 9.3125 12.601562 9.761719 11.96875 9.960938 11.289062 C 9.175781 11.273438 8.386719 11.28125 7.601562 11.261719 C 7.597656 10.792969 7.597656 10.324219 7.597656 9.855469 C 8.910156 9.855469 10.226562 9.851562 11.542969 9.863281 C 11.621094 11.011719 11.453125 12.238281 10.707031 13.160156 C 9.683594 14.476562 7.796875 14.859375 6.261719 14.34375 C 4.632812 13.808594 3.445312 12.167969 3.480469 10.449219 Z M 3.480469 10.449219 "/>
<path style=" stroke:none;fill-rule:nonzero;fill:rgb(100%,100%,100%);fill-opacity:1;" d="M 14.101562 8.675781 C 14.492188 8.675781 14.878906 8.675781 15.273438 8.675781 C 15.273438 9.066406 15.277344 9.460938 15.28125 9.851562 C 15.671875 9.855469 16.066406 9.859375 16.457031 9.859375 C 16.457031 10.253906 16.457031 10.640625 16.457031 11.035156 C 16.066406 11.035156 15.671875 11.039062 15.28125 11.039062 C 15.277344 11.433594 15.273438 11.824219 15.273438 12.21875 C 14.878906 12.21875 14.488281 12.21875 14.097656 12.21875 C 14.09375 11.824219 14.09375 11.433594 14.089844 11.042969 C 13.699219 11.039062 13.304688 11.035156 12.914062 11.035156 C 12.914062 10.640625 12.914062 10.253906 12.914062 9.859375 C 13.304688 9.859375 13.695312 9.855469 14.089844 9.851562 C 14.09375 9.460938 14.097656 9.066406 14.101562 8.675781 Z M 14.101562 8.675781 "/>
</g>
</svg>
